http://www.camara.leg.br/internet/deputado/bandep/
3151
3155
4927
4928
4929
4930
4931
62881
62926
64224
64960
65511
65551
65987
66828
67138
67312
68731
69871
71921
72442
72912
73416
73420
73421
73424
73427
73428
73430
73431
73433
73434
73435
73437
73441
73442
73445
73447
73454
73455
73456
73457
73458
73459
73460
73461
73462
73463
73464
73466
73469
73471
73472
73473
73474
73477
73478
73480
73481
73482
73483
73485
73486
73490
73492
73499
73507
73531
73534
73535
73536
73540
73542
73545
73546
73548
73552
73553
73555
73556
73557
73558
73559
73560
73561
73564
73565
73566
73568
73569
73572
73574
73575
73577
73579
73582
73584
73586
73588
73592
73594
73595
73599
73603
73612
73645
73651
73652
73653
73654
73655
73658
73660
73663
73666
73672
73673
73674
73676
73677
73682
73683
73684
73692
73693
73696
73701
73704
73714
73716
73718
73720
73761
73764
73765
73768
73772
73775
73776
73777
73778
73780
73781
73782
73784
73786
73788
73793
73794
73801
73805
73808
73809
73817
73825
73827
73873
73874
73875
73882
73883
73885
73886
73889
73891
73892
73893
73901
73904
73907
73909
73920
73921
73922
73923
73924
73925
73926
73927
73928
73929
73930
73931
73932
73933
73934
73935
73936
73937
73938
73939
73940
73941
73942
73943
73944
73945
73946
73947
73948
73979
73981
73982
73984
73987
73991
73992
73993
73994
73998
74000
74005
74010
74016
74017
74018
74023
74024
74026
74027
74028
74029
74030
74031
74032
74033
74034
74035
74036
74037
74038
74039
74040
74041
74042
74043
74044
74045
74046
74047
74048
74049
74050
74051
74052
74053
74054
74055
74056
74057
74058
74059
74060
74061
74062
74063
74065
74066
74070
74072
74075
74076
74077
74079
74080
74082
74084
74085
74087
74090
74094
74095
74097
74099
74102
74103
74106
74108
74111
74119
74120
74124
74131
74133
74137
74139
74140
74141
74142
74143
74144
74145
74146
74147
74148
74149
74150
74151
74152
74153
74154
74155
74156
74157
74158
74159
74160
74161
74162
74163
74164
74165
74166
74167
74168
74169
74170
74171
74172
74173
74174
74175
74176
74177
74181
74184
74187
74189
74191
74194
74195
74197
74198
74200
74207
74208
74209
74210
74211
74212
74213
74216
74218
74222
74225
74230
74235
74238
74240
74252
74253
74254
74255
74256
74257
74258
74259
74260
74261
74262
74263
74264
74265
74266
74267
74268
74269
74270
74271
74272
74273
74274
74275
74276
74277
74278
74279
74280
74281
74282
74283
74284
74285
74286
74287
74288
74289
74290
74291
74294
74295
74297
74298
74299
74300
74304
74305
74306
74308
74309
74310
74312
74313
74317
74318
74319
74321
74324
74325
74327
74328
74329
74337
74341
74342
74343
74344
74345
74346
74349
74351
74352
74354
74355
74356
74357
74358
74359
74360
74363
74365
74366
74367
74368
74369
74370
74371
74372
74373
74374
74375
74376
74377
74378
74379
74380
74381
74382
74383
74384
74385
74386
74387
74388
74389
74390
74391
74392
74393
74394
74395
74396
74397
74398
74399
74400
74401
74402
74403
74405
74408
74414
74416
74417
74419
74421
74423
74425
74426
74427
74428
74430
74431
74433
74434
74435
74436
74439
74441
74444
74445
74447
74448
74449
74451
74452
74454
74455
74456
74457
74459
74460
74461
74463
74464
74466
74467
74468
74469
74470
74471
74472
74473
74474
74477
74479
74480
74481
74482
74483
74484
74485
74486
74487
74488
74489
74490
74491
74492
74493
74494
74495
74496
74497
74517
74520
74521
74527
74528
74533
74534
74535
74537
74538
74542
74544
74547
74549
74550
74552
74553
74554
74556
74557
74558
74559
74562
74563
74566
74567
74568
74570
74571
74574
74577
74578
74579
74580
74581
74584
74585
74586
74587
74590
74591
74592
74593
74634
74635
74637
74640
74641
74648
74650
74651
74654
74655
74657
74658
74660
74662
74663
74665
74671
74675
74676
74680
74683
74686
74688
74690
74692
74693
74696
74699
74700
74701
74702
74705
74741
74742
74744
74745
74747
74749
74750
74751
74752
74753
74754
74756
74758
74759
74762
74763
74765
74768
74771
74776
74777
74778
74779
74780
74781
74782
74783
74784
74786
74787
74790
74791
74792
74793
74797
74799
74800
74801
74802
74806
74810
74812
74813
74828
74829
74830
74833
74835
74838
74841
74842
74843
74844
74846
74847
74848
74856
74858
74860
74862
74863
75431
76287
76420
77701
80920
81232
81512
86634
88950
89282
92346
92355
92699
92776
93083
93472
94931
97707
97822
99654
101309
104254
105112
109152
109372
112437
113247
114586
114941
115899
116663
118384
118594
121759
122158
122195
122466
123756
124411
128760
129037
129617
129618
131711
131873
131943
131966
132056
132504
133370
133371
133372
133373
133374
133375
133376
133377
133439
133440
133658
133853
133999
134115
134116
134812
134893
135476
136226
136377
136811
137070
137116
137578
137759
137853
137983
138512
139133
139187
139212
139285
139311
140241
141057
141331
141334
141335
141336
141337
141344
141371
141372
141373
141374
141375
141376
141377
141378
141379
141380
141381
141382
141383
141384
141385
141386
141387
141388
141389
141390
141391
141392
141393
141394
141395
141396
141397
141398
141399
141400
141401
141402
141403
141404
141405
141406
141407
141408
141409
141410
141411
141412
141413
141414
141415
141416
141417
141418
141419
141420
141421
141422
141423
141424
141425
141426
141427
141428
141429
141430
141431
141432
141433
141434
141435
141436
141437
141438
141439
141440
141441
141442
141443
141444
141445
141446
141447
141448
141449
141450
141451
141452
141453
141454
141455
141456
141457
141458
141459
141460
141461
141462
141463
141464
141465
141466
141467
141468
141469
141470
141471
141472
141473
141474
141475
141476
141477
141478
141479
141480
141481
141482
141483
141484
141485
141486
141487
141488
141489
141490
141491
141492
141493
141494
141495
141496
141497
141498
141499
141500
141501
141502
141503
141504
141505
141506
141507
141508
141509
141510
141511
141512
141513
141514
141515
141516
141517
141518
141519
141520
141521
141522
141523
141524
141525
141526
141527
141528
141529
141530
141531
141532
141533
141534
141535
141536
141537
141538
141539
141540
141541
141542
141543
141545
141546
141547
141548
141549
141550
141551
141552
141553
141554
141555
141556
141557
141558
141559
141560
141561
141562
141563
141870
143253
143254
143632
144523
145895
146307
146308
146613
146788
146829
146949
147653
147975
148134
148295
149293
149327
150418
150634
150635
150876
151208
151214
151249
151965
152605
152606
152607
152608
152609
152610
152611
152865
153384
154178
154417
154734
154739
154919
154996
154997
155920
156634
157225
158328
159058
159237
159238
159257
159258
159259
159260
159261
159262
159263
159264
159265
160317
160318
160365
160396
160426
160508
160509
160510
160511
160512
160513
160514
160515
160516
160517
160518
160519
160520
160527
160528
160529
160530
160531
160532
160533
160534
160535
160536
160537
160538
160539
160540
160541
160542
160543
160544
160545
160546
160547
160548
160549
160550
160551
160552
160553
160554
160555
160556
160557
160558
160559
160560
160561
160562
160563
160564
160565
160566
160567
160568
160569
160570
160571
160572
160573
160574
160575
160576
160577
160578
160579
160580
160581
160582
160584
160585
160586
160587
160588
160589
160590
160591
160592
160593
160594
160595
160596
160597
160598
160599
160600
160601
160602
160603
160604
160605
160606
160607
160608
160609
160610
160611
160612
160613
160614
160615
160616
160617
160618
160619
160620
160621
160622
160623
160624
160625
160626
160627
160628
160629
160630
160631
160632
160633
160634
160635
160636
160637
160638
160639
160640
160641
160642
160643
160644
160645
160646
160647
160648
160649
160650
160651
160652
160653
160654
160655
160656
160657
160658
160659
160660
160661
160662
160663
160664
160665
160666
160667
160668
160669
160670
160671
160672
160673
160674
160675
160676
160677
160678
160679
160680
160758
160974
160976
161903
161904
161905
161906
161907
161962
162174
162175
162332
162490
163321
163322
163831
164359
164360
164361
165429
165583
165675
166401
166402
166727
167493
167614
167617
167707
167722
168034
168175
168253
168447
169553
169711
169712
169868
170489
170673
171617
171618
171619
171620
171621
171622
171623
171782
172029
172711
172945
173262
173269
173802
174314
174854
174861
175212
175737
176120
176794
177118
177282
178387
178802
178821
178825
178826
178827
178828
178829
178830
178831
178832
178833
178834
178835
178836
178837
178838
178839
178840
178841
178842
178843
178844
178845
178846
178847
178848
178849
178850
178851
178852
178853
178854
178855
178856
178857
178858
178859
178860
178861
178862
178863
178864
178865
178866
178867
178868
178869
178870
178871
178872
178873
178874
178875
178876
178877
178878
178879
178880
178881
178882
178883
178884
178885
178886
178887
178888
178889
178890
178891
178892
178893
178894
178895
178896
178897
178898
178899
178900
178901
178902
178903
178904
178905
178906
178907
178908
178909
178910
178911
178912
178913
178914
178915
178916
178917
178918
178919
178920
178921
178922
178923
178924
178925
178926
178927
178928
178929
178930
178931
178932
178933
178934
178935
178936
178937
178938
178939
178940
178941
178942
178943
178944
178945
178946
178947
178948
178949
178950
178951
178952
178953
178954
178955
178956
178957
178958
178959
178960
178961
178962
178963
178964
178965
178966
178967
178968
178969
178970
178971
178972
178973
178974
178975
178976
178977
178978
178979
178980
178981
178982
178983
178984
178985
178986
178987
178988
178989
178990
178991
178992
178993
178994
178995
178996
178997
178998
178999
179000
179001
179379
179380
179381
179382
179383
179384
179385
179386
179387
179880
180545
181315
181316
185500
186775
187008
188097
